Type: AD_BSPLINE
StartPoint_X: 17.9876
StartPoint_Y: 22.6008
StartPoint: 17.9876,22.6008
EndPoint_X: 32.0949
EndPoint_Y: 12.9937
EndPoint: 32.0949,12.9937
ControlPoints: 17.9876174951788, 22.6007900274792, 15.7682741681821, 24.7748007993001, 11.5009393679203, 28.9549705413518, 9.99058804661266, 37.7071389115223, 19.3943960456288, 35.8253746121152, 25.2844647463075, 26.3336979277465, 29.7427090578213, 20.5771813453643, 27.537210646769, 9.74223259256834, 30.6553335653722, 11.966713547687, 32.0948740276281, 12.9936872834899
Knots: 0, 0, 0, 0, 0.152889170377613, 0.29397401898085, 0.439700619657436, 0.595151262480661, 0.754514504207719, 0.886666974550126, 1, 1, 1, 1
Weights: 0, 0, 0, 0, 0, 0, 0, 0, 0, 0
Parent_Sketch_Name: Sketch<3>
Part_Name: elliptical_shapes_001
