X1: -9.79193496704102
Y1: 14.1459331512451
X2: -9.79193496704102
Y2: 7.04157257080078
Parent Sketch Name: a
Parent Sketch Plane: XY-Plane
Type: AD_LINE
ID: 1
