X1: -4.06261157989502
Y1: 7.04157257080078
X2: -4.06261157989502
Y2: 14.1459331512451
Parent Sketch Name: a
Parent Sketch Plane: XY-Plane
Type: AD_LINE
ID: 3
