X1: -3.61101945160932
Y1: 4.97014188766479
X2: -5.84275220674088
Y2: -1.89842527217839
Parent Sketch Name: Sketch<2>
Parent Sketch Plane: Plane<2>
Type: AD_LINE
ID: 2
