Type: AD_BSPLINE
StartPoint_X: 10.5
StartPoint_Y: 19.7
StartPoint: 10.5,19.7
EndPoint_X: -11.1
EndPoint_Y: 13.1
EndPoint: -11.1,13.1
ControlPoints: 10.5057144165038, 19.7367076873777, 12.4791153488492, 17.2813932228241, 16.4466245461944, 12.3450001357315, 15.8879285792948, -1.0244539799563, 14.6095311975073, -10.4715028659548, 6.93309082612251, -20.5310127740824, 1.17970087818763, -35.462721659872, -9.25334585005951, -26.0641957272232, -14.3360523998547, -22.4325900681191, -24.6942714046858, -10.2736800149995, -30.1930211290682, -1.85551380026684, -29.6798005742259, 9.74787439787798, -20.0378849469009, 19.4022896226265, -9.19793760304134, 20.1455701328759, -10.4785948735444, 15.3097200531157, -11.0625533776666, 13.1046525117999
Knots: 0, 0, 0, 0, 0.0763052823894153, 0.153411252991672, 0.23564676514225, 0.317681250840518, 0.399657281601698, 0.474327092811466, 0.552084120376923, 0.630822139579468, 0.713578841128571, 0.794820172170559, 0.871908825964158, 0.941592546183839, 1, 1, 1, 1
Weights: 0, 0, 0, 0, 0, 0, 0, 0, 0, 0, 0, 0, 0, 0, 0, 0
Parent_Sketch_Name: Sketch<3>
Part_Name: elliptical_shapes_001
