Type: AD_BSPLINE
StartPoint_X: 25.4
StartPoint_Y: 11.3
StartPoint: 25.4,11.3
EndPoint_X: 33.8
EndPoint_Y: 11.8
EndPoint: 33.8,11.8
ControlPoints: 25.3570383803757, 11.3254481784814, 26.0347329988936, 10.9288378226272, 27.3744490336026, 10.1447896116033, 29.807611892664, 8.70812957905139, 31.4978616805768, 10.5086255898032, 32.5977689653078, 11.1598099289934, 33.3946969133129, 11.6043170954606, 33.775022973601, 11.8164537883893
Knots: 0, 0, 0, 0, 0.228582565556899, 0.451878648529364, 0.654370344990656, 0.835051631282934, 1, 1, 1, 1
Weights: 0, 0, 0, 0, 0, 0, 0, 0
Parent_Sketch_Name: Sketch<3>
Part_Name: elliptical_shapes_001
