Type: AD_BSPLINE
StartPoint_X: -4.1
StartPoint_Y: 18.9
StartPoint: -4.1,18.9
EndPoint_X: -11.1
EndPoint_Y: 13.1
EndPoint: -11.1,13.1
ControlPoints: -4.10844075615262, 18.8588676231802, -5.16626258052934, 18.0420208926495, -7.26219609191891, 16.4235475385032, -3.49353042879319, 13.7393360787952, -6.59238288400207, 10.5864013925529, -3.75428933129123, 9.16077641972057, -0.646143567707672, 3.20309190652695, -5.50519123138359, 3.00996910325525, -9.89822737767919, -0.252138284621477, -10.6491906750098, 8.36268235697217, -11.0625533776666, 13.1046525117999
Knots: 0, 0, 0, 0, 0.109750836754074, 0.217456712798912, 0.320755330515087, 0.435255028119875, 0.552463966048322, 0.675711939244552, 0.821497815259815, 1, 1, 1, 1
Weights: 0, 0, 0, 0, 0, 0, 0, 0, 0, 0, 0
Parent_Sketch_Name: Sketch<3>
Part_Name: elliptical_shapes_001
