Type: AD_BSPLINE
StartPoint_X: 10.5
StartPoint_Y: 19.7
StartPoint: 10.5,19.7
EndPoint_X: 25.4
EndPoint_Y: 11.3
EndPoint: 25.4,11.3
ControlPoints: 10.5057144165038, 19.7367076873778, 8.11468169268601, 21.7203331945514, 3.51722395516675, 25.5344317409464, 1.29040475874654, 34.1322738283562, 10.8173453982346, 33.0322539137427, 17.4699421225807, 24.0585260148977, 22.3876280808341, 18.6891880370479, 21.082972850557, 7.70928765284727, 24.0070724538997, 10.1832819060611, 25.3570383803755, 11.3254481784814
Knots: 0, 0, 0, 0, 0.152889170377613, 0.29397401898085, 0.439700619657436, 0.595151262480661, 0.754514504207719, 0.886666974550126, 1, 1, 1, 1
Weights: 0, 0, 0, 0, 0, 0, 0, 0, 0, 0
Parent_Sketch_Name: Sketch<3>
Part_Name: elliptical_shapes_001
