Type: AD_BSPLINE
ControlPoints: -2.78673868712523, 9.7703473576777, -2.84842963747263, 9.54327519904414, -2.93025961984559, 9.34122077837182, -3.02021207561298, 9.16161194884935, -3.21437010859046, 8.82425711793298, -3.40824447240076, 8.55116190009697, -3.50357822786054, 8.42499306020642, -3.59038919147781, 8.31339938265045, -3.74452775564737, 8.11473776635392, -3.82147609421514, 8.01517674946894, -3.89633913546027, 7.91899816598005, -4.04901338143636, 7.72707402691731, -4.21581931380897, 7.53275231281384, -4.30480052768411, 7.43415482261815, -4.39966260905738, 7.33507125188586, -4.69667255385281, 7.04170536373735, -4.90435854709862, 6.85645012975339, -5.12350200505023, 6.66960831209608, -5.344111857032, 6.48858418886748, -5.78447176874536, 6.13424880694694, -6.01785775998882, 5.95048912640612, -6.26397666002907, 5.76688061500355, -6.52943472637084, 5.58757743576399, -7.0982914208657, 5.25179737326481, -7.38649557239298, 5.10330794901121, -7.67901249256414, 4.96917248845724, -7.97365533698993, 4.84735977439506, -8.35769052029626, 4.70241779126295, -8.45387842374117, 4.66710144445056, -8.55640142519715, 4.63145111407147, -8.72270806274953, 4.57843987270836, -8.90804602915929, 4.53156671716448, -8.97382783962542, 4.51651343496999, -9.0422733130745, 4.50276661022638, -9.11362947609865, 4.49080814246008
Poles: -2.78673868712523, 9.7703473576777, -2.84842963747263, 9.54327519904414, -2.93025961984559, 9.34122077837182, -3.02021207561298, 9.16161194884935, -3.21437010859046, 8.82425711793298, -3.40824447240076, 8.55116190009697, -3.50357822786054, 8.42499306020642, -3.59038919147781, 8.31339938265045, -3.74452775564737, 8.11473776635392, -3.82147609421514, 8.01517674946894, -3.89633913546027, 7.91899816598005, -4.04901338143636, 7.72707402691731, -4.21581931380897, 7.53275231281384, -4.30480052768411, 7.43415482261815, -4.39966260905738, 7.33507125188586, -4.69667255385281, 7.04170536373735, -4.90435854709862, 6.85645012975339, -5.12350200505023, 6.66960831209608, -5.344111857032, 6.48858418886748, -5.78447176874536, 6.13424880694694, -6.01785775998882, 5.95048912640612, -6.26397666002907, 5.76688061500355, -6.52943472637084, 5.58757743576399, -7.0982914208657, 5.25179737326481, -7.38649557239298, 5.10330794901121, -7.67901249256414, 4.96917248845724, -7.97365533698993, 4.84735977439506, -8.35769052029626, 4.70241779126295, -8.45387842374117, 4.66710144445056, -8.55640142519715, 4.63145111407147, -8.72270806274953, 4.57843987270836, -8.90804602915929, 4.53156671716448, -8.97382783962542, 4.51651343496999, -9.0422733130745, 4.50276661022638, -9.11362947609865, 4.49080814246008
Knots: 0.184034941520681, 0.184034941520681, 0.184034941520681, 0.184034941520681, 0.184034941520681, 0.184034941520681, 0.228351855219795, 0.228351855219795, 0.228351855219795, 0.275688569169554, 0.275688569169554, 0.275688569169554, 0.275688569169554, 0.330054349320572, 0.330054349320572, 0.330054349320572, 0.384420129471591, 0.384420129471591, 0.384420129471591, 0.384420129471591, 0.488881315953283, 0.488881315953283, 0.488881315953283, 0.488881315953283, 0.600863856283542, 0.600863856283542, 0.600863856283542, 0.600863856283542, 0.710304231944527, 0.710304231944527, 0.710304231944527, 0.710304231944527, 0.743680845748691, 0.743680845748691, 0.743680845748691, 0.761029850954532, 0.761029850954532, 0.761029850954532, 0.761029850954532, 0.761029850954532, 0.761029850954532
Weights: 0, 0, 0, 0, 0, 0, 0, 0, 0, 0, 0, 0, 0, 0, 0, 0, 0, 0, 0, 0, 0, 0, 0, 0, 0, 0, 0, 0, 0, 0, 0, 0, 0, 0, 0
Parent Sketch Name: Sketch<1>
Part Name: simple-test-model
