ControlPoints: -2.43707180023193, 9.91691970825195, -2.89738753789752, 9.45329672519471, -3.95317429825577, 8.0327849622274, -3.88793859944873, 5.08891346500828, -4.621735932286, 2.07990782438133, -5.4472265209823, -1.59800828556901, -2.87112851548969, -4.05808112742249, -4.0844215825681, -8.17705286017711, -0.68891185746838, -11.5785427223267, 3.96111751692121, -10.2586457074599, 2.45713497647552, -7.7433037886184, 5.18907763201306, -4.57048018912909, 3.06737069629519, 1.17568810939687, 4.23438315165569, 3.6934409909061, 2.26018433057556, 6.16533537171679, 2.4654479609526, 8.5174626441665, 2.32115704126201, 10.4907792013669, 0.197733752186531, 11.0401441090539, -1.45755060634302, 10.6343095068447, -2.09460635208045, 10.2618456790024, -2.43707180023193, 9.91691970825195
Poles: -2.43707180023193, 9.91691970825195, -2.89738753789752, 9.45329672519471, -3.95317429825577, 8.0327849622274, -3.88793859944873, 5.08891346500828, -4.621735932286, 2.07990782438133, -5.4472265209823, -1.59800828556901, -2.87112851548969, -4.05808112742249, -4.0844215825681, -8.17705286017711, -0.68891185746838, -11.5785427223267, 3.96111751692121, -10.2586457074599, 2.45713497647552, -7.7433037886184, 5.18907763201306, -4.57048018912909, 3.06737069629519, 1.17568810939687, 4.23438315165569, 3.6934409909061, 2.26018433057556, 6.16533537171679, 2.4654479609526, 8.5174626441665, 2.32115704126201, 10.4907792013669, 0.197733752186531, 11.0401441090539, -1.45755060634302, 10.6343095068447, -2.09460635208045, 10.2618456790024, -2.43707180023193, 9.91691970825195
Knots: 0, 0, 0, 0, 0.0517151152140387, 0.107103915307908, 0.166736355595264, 0.226969233216144, 0.288780517502454, 0.35300636994718, 0.418273805119657, 0.476848429881182, 0.533435787874633, 0.596769243555372, 0.6628572547901, 0.726028559418585, 0.779048808615106, 0.828747748008634, 0.87560565143372, 0.919753343595943, 0.961525017159315, 1, 1, 1, 1
Weights: 0, 0, 0, 0, 0, 0, 0, 0, 0, 0, 0, 0, 0, 0, 0, 0, 0, 0, 0, 0, 0
Parent Sketch Name: Sketch<1>
Parent Sketch Plane: ZX-Plane
Type: AD_BSPLINE
ID: 1
