X1: -1.14094366010383
Y1: 0.490064529952941
X2: -0.717084751761409
Y2: 0.590249152603211
Parent Sketch Name: Sketch<3>
Parent Sketch Plane: XY-Plane
Type: AD_LINE
ID: 29
