X1: -1.31446851667121
Y1: 1.22420969444269
X2: -1.43963554255873
Y2: 0.80704480087268
Parent Sketch Name: Sketch<3>
Parent Sketch Plane: XY-Plane
Type: AD_LINE
ID: 27
