X1: -0.717084751761409
Y1: 0.590249152603211
X2: -0.591917725873891
Y2: 1.00741404617322
Parent Sketch Name: Sketch<3>
Parent Sketch Plane: XY-Plane
Type: AD_LINE
ID: 24
