ControlPoints: 3.79756259918213, 0, 3.69769759690856, 1.00042557712335, 3.50746513525182, 2.90613244046669, 1.53883134571893, 3.25589074454551, 0.493619844374614, 3.28425506745792, -5.48317207957124E-17, 3.29765062677181
Poles: 3.79756259918213, 0, 3.69769759690856, 1.00042557712335, 3.50746513525182, 2.90613244046669, 1.53883134571893, 3.25589074454551, 0.493619844374614, 3.28425506745792, -5.48317207957124E-17, 3.29765062677181
Knots: 0, 0, 0, 0, 0.368366382306296, 0.701699715639629, 1, 1, 1, 1
Weights: 0, 0, 0, 0, 0, 0
Parent Sketch Name: Sketch<3>
Parent Sketch Plane: XY-Plane
Type: AD_BSPLINE
ID: 6
