ControlPoints: -1.9727144241333, 9.54468536376953, -1.73064212721766, 9.84443854293871, -0.788236665994321, 10.3031988905418, 0.661476309022862, 10.5912238338748, 1.56132787448721, 9.29468144124067, 1.65092961754825, 7.21422747506139, 2.00955254636219, 5.67806636483875, 1.87566393913762, 2.84088982458185, 2.653512228323, 1.54806806755684, 1.69567516870837, -1.50728842506448, 2.8231209416348, -4.30519026801382, 2.51218670353475, -7.00847857082386, 1.68574603361871, -9.11384956491743, 0.664182445348823, -10.3397150192498, -2.23540652683669, -8.49121745936318, -1.30076036040448, -5.44654734726901, -2.32593027549441, -2.99728290936971, -2.47402320079989, -1.20477401888844, -3.38274203108863, 0.616533118058295, -2.62995546954313, 4.62128450340713, -2.55542966081339, 6.15425989013712, -2.2042891524613, 8.46423250503962, -2.21372708729447, 9.24624430742772, -1.9727144241333, 9.54468536376953
Poles: -1.9727144241333, 9.54468536376953, -1.73064212721766, 9.84443854293871, -0.788236665994321, 10.3031988905418, 0.661476309022862, 10.5912238338748, 1.56132787448721, 9.29468144124067, 1.65092961754825, 7.21422747506139, 2.00955254636219, 5.67806636483875, 1.87566393913762, 2.84088982458185, 2.653512228323, 1.54806806755684, 1.69567516870837, -1.50728842506448, 2.8231209416348, -4.30519026801382, 2.51218670353475, -7.00847857082386, 1.68574603361871, -9.11384956491743, 0.664182445348823, -10.3397150192498, -2.23540652683669, -8.49121745936318, -1.30076036040448, -5.44654734726901, -2.32593027549441, -2.99728290936971, -2.47402320079989, -1.20477401888844, -3.38274203108863, 0.616533118058295, -2.62995546954313, 4.62128450340713, -2.55542966081339, 6.15425989013712, -2.2042891524613, 8.46423250503962, -2.21372708729447, 9.24624430742772, -1.9727144241333, 9.54468536376953
Knots: 0, 0, 0, 0, 0.0386799250490343, 0.0769951955306654, 0.117911021390043, 0.160908577082068, 0.209098419960774, 0.25520482995997, 0.305174098394653, 0.356896592126714, 0.413420635864452, 0.467444184190384, 0.513876981505247, 0.559497194080683, 0.608467177747969, 0.663113249149373, 0.714275105901207, 0.761496298017436, 0.813069208900008, 0.865712024309163, 0.919035443652774, 0.961489390294871, 1, 1, 1, 1
Weights: 0, 0, 0, 0, 0, 0, 0, 0, 0, 0, 0, 0, 0, 0, 0, 0, 0, 0, 0, 0, 0, 0, 0, 0
Parent Sketch Name: Sketch<2>
Parent Sketch Plane: Plane<1>
Type: AD_BSPLINE
ID: 1
