X1: 0.881891011451079
Y1: 2.16070643979274
X2: 1.18665981292725
Y2: 1.88164091110229
Parent Sketch Name: Sketch<3>
Parent Sketch Plane: XY-Plane
Type: AD_LINE
ID: 22
