ControlPoints: -3, 3, -1.46331653860041, 3.40553858218009, -0.835895967682397, 3.64179851594572, 0.213521044874402, 3.45958360203386, 1.23308682587675, 3.51719491433125, 1.79765120625728, 3.60869604837268, 3.08084297307623, 3.34842060291222, 3.77795508467518, 3.28331689673801
Poles: -3, 3, -1.46331653860041, 3.40553858218009, -0.835895967682397, 3.64179851594572, 0.213521044874402, 3.45958360203386, 1.23308682587675, 3.51719491433125, 1.79765120625728, 3.60869604837268, 3.08084297307623, 3.34842060291222, 3.77795508467518, 3.28331689673801
Knots: 0, 0, 0, 0, 1, 2, 3, 4, 5, 5, 5, 5
Weights: 0, 0, 0, 0, 0, 0, 0, 0
Parent Sketch Name: Sketch<3>
Parent Sketch Plane: XY-Plane
Type: AD_BSPLINE
ID: 34
