X1: -2.07027673721313
Y1: 0.473416328430176
X2: -2.07027673721313
Y2: 1.00066614151001
Parent Sketch Name: Sketch<3>
Parent Sketch Plane: XY-Plane
Type: AD_LINE
ID: 17
