X1: -0.591917725873891
Y1: 1.00741404617322
X2: -0.890609608328791
Y2: 1.32439431709296
Parent Sketch Name: Sketch<3>
Parent Sketch Plane: XY-Plane
Type: AD_LINE
ID: 25
