X1: 4.44500255584717
Y1: -6.45583200454712
X2: 1.69333600997925
Y2: -6.45583200454712
Parent Sketch Name: Sketch<1>
Parent Sketch Plane: XY-Plane
Type: AD_LINE
ID: 8
