X1: 1.69333600997925
Y1: 4.76249742507935
X2: 9.64823638916016
Y2: 4.76249742507935
Parent Sketch Name: Sketch<1>
Parent Sketch Plane: XY-Plane
Type: AD_LINE
ID: 1
