Type: AD_BSPLINE
StartPoint_X: 22.2413
StartPoint_Y: 27.3526
StartPoint: 22.2413,27.3526
EndPoint_X: 27.3695
EndPoint_Y: 11.0734
EndPoint: 27.3695,11.0734
ControlPoints: 22.2413140185171, 27.3525658308589, 21.8448662208552, 30.4339026808003, 21.0825797089531, 36.3586714225877, 25.31621544082, 44.1662280687763, 31.5349566848113, 36.8655500796331, 30.2824030105363, 25.7652822958201, 30.2184769573381, 18.4845310321037, 21.7773977261495, 11.3425061700874, 25.6032439365042, 11.1583680971138, 27.3695182515144, 11.0733572705341
Knots: 0, 0, 0, 0, 0.152889170377613, 0.29397401898085, 0.439700619657436, 0.595151262480661, 0.754514504207719, 0.886666974550126, 1, 1, 1, 1
Weights: 0, 0, 0, 0, 0, 0, 0, 0, 0, 0
Parent_Sketch_Name: Sketch<3>
Part_Name: elliptical_shapes_001
