Type: AD_BSPLINE
StartPoint_X: 17.9876
StartPoint_Y: 22.6008
StartPoint: 17.9876,22.6008
EndPoint_X: 0
EndPoint_Y: 36.225
EndPoint: 0,36.225
ControlPoints: 17.9876174951788, 22.6007900274792, 17.1487895035048, 19.5644685754566, 15.462331512425, 13.4599648785422, 4.28775154239716, 6.09904054607033, -4.12482769931502, 1.61467403315812, -16.7739239246771, 1.96373140478265, -32.2523473567204, -2.0953121034045, -30.7243095201851, 11.8634075409823, -30.7483781559329, 18.110157594838, -26.9368175271734, 33.6215663060158, -23.3202223867468, 43.003570918065, -13.6052153131132, 49.369154204302, -0.136022728869182, 47.1885301136185, 6.80287057199731, 38.8273887983576, 2.13051620447612, 37.0400349714068, 1.15573848683332E-15, 36.2250312298409
Knots: 0, 0, 0, 0, 0.0763052823894153, 0.153411252991672, 0.23564676514225, 0.317681250840518, 0.399657281601698, 0.474327092811466, 0.552084120376923, 0.630822139579468, 0.713578841128571, 0.794820172170559, 0.871908825964158, 0.941592546183839, 1, 1, 1, 1
Weights: 0, 0, 0, 0, 0, 0, 0, 0, 0, 0, 0, 0, 0, 0, 0, 0
Parent_Sketch_Name: Sketch<3>
Part_Name: elliptical_shapes_001
