Type: AD_BSPLINE
StartPoint_X: -0.9765
StartPoint_Y: 11.3796
StartPoint: -0.9765,11.3796
EndPoint_X: 0
EndPoint_Y: 36.225
EndPoint: 0,36.225
ControlPoints: -0.976527677445702, 11.3795544419554, -2.42838603301869, 11.1715973488319, -5.2725973092682, 10.764206430174, -7.1098710309688, 6.81421854924002, -6.29233817243906, 3.86982049917253, -4.34563597445849, -0.319687271383955, -4.23257343814303, -2.39557314161209, -7.24885157582082, -3.59626785063698, -15.7761837521226, -3.01451217815946, -5.92769336259318, 21.4812893550358, 1.09340207882552E-15, 36.2250312298409
Knots: 0, 0, 0, 0, 0.106191940406889, 0.20803152951714, 0.311606926850215, 0.403910079475669, 0.488897435474619, 0.570163352150853, 0.741286253661418, 1, 1, 1, 1
Weights: 0, 0, 0, 0, 0, 0, 0, 0, 0, 0, 0
Parent_Sketch_Name: Sketch<3>
Part_Name: elliptical_shapes_001
