Type: AD_BSPLINE
StartPoint_X: 27.4
StartPoint_Y: 11.1
StartPoint: 27.4,11.1
EndPoint_X: 35.8
EndPoint_Y: 11.6
EndPoint: 35.8,11.6
ControlPoints: 27.3695182515145, 11.0733572705342, 28.0472128700324, 10.6767469146801, 29.3869289047414, 9.89269870365622, 31.8200917638028, 8.4560386711043, 33.5103415517156, 10.2565346818561, 34.6102488364466, 10.9077190210464, 35.4071767844517, 11.3522261875135, 35.7875028447399, 11.5643628804423
Knots: 0, 0, 0, 0, 0.228582565556899, 0.451878648529364, 0.654370344990656, 0.835051631282934, 1, 1, 1, 1
Weights: 0, 0, 0, 0, 0, 0, 0, 0
Parent_Sketch_Name: Sketch<3>
Part_Name: elliptical_shapes_001
