Type: AD_BSPLINE
StartPoint_X: 32.0949
StartPoint_Y: 12.9937
StartPoint: 32.0949,12.9937
EndPoint_X: 37.5265
EndPoint_Y: 19.4436
EndPoint: 37.5265,19.4436
ControlPoints: 32.0948740276281, 12.9936872834899, 32.84882767075, 13.2130583717448, 34.3392980943262, 13.6467271016652, 37.0554711841771, 14.4256220200064, 36.9103218815173, 16.8909134652943, 37.1937779203378, 18.1373041555144, 37.4189779157754, 19.0215924215267, 37.5264524086152, 19.4436103382198
Knots: 0, 0, 0, 0, 0.228582565556899, 0.451878648529364, 0.654370344990656, 0.835051631282934, 1, 1, 1, 1
Weights: 0, 0, 0, 0, 0, 0, 0, 0
Parent_Sketch_Name: Sketch<3>
Part_Name: elliptical_shapes_001
