Type: AD_BSPLINE
StartPoint_X: 22.2
StartPoint_Y: 27.4
StartPoint: 22.2,27.4
EndPoint_X: 0
EndPoint_Y: 31.2
EndPoint: 0,31.2
ControlPoints: 22.2413140185171, 27.3525658308589, 22.8953246243459, 24.2711456246729, 24.2102085140089, 18.0759711882247, 17.6821240873903, 6.39527950263268, 12.2806318016956, -1.45996801783359, 0.892475172596895, -6.97643110193596, -10.9765902811312, -17.7087519785261, -16.0498109174891, -4.61512046869281, -18.9484835821562, 0.918428330918663, -22.7100247447798, 16.4420426882066, -23.8213592237301, 26.4353757971428, -18.1303332591663, 36.5603072282897, -5.17062041126157, 40.828809681864, 4.83958004815644, 36.6035509800997, 1.51565484104593, 32.8649616397275, -8.88178419700125E-16, 31.1602268218994
Knots: 0, 0, 0, 0, 0.0763052823894153, 0.153411252991672, 0.23564676514225, 0.317681250840518, 0.399657281601698, 0.474327092811466, 0.552084120376923, 0.630822139579468, 0.713578841128571, 0.794820172170559, 0.871908825964158, 0.941592546183839, 1, 1, 1, 1
Weights: 0, 0, 0, 0, 0, 0, 0, 0, 0, 0, 0, 0, 0, 0, 0, 0
Parent_Sketch_Name: Sketch<3>
Part_Name: elliptical_shapes_001
