X1: 23.6518037174457
Y1: 11.2056908361848
X2: 23.6518037174457
Y2: -11.2056908361848
Parent Sketch Name: Sketch<2>
Type: AD_LINE
