ControlPoints: 21.498836517334, -10.2489746695302, 21.5893407508789, -10.3248617526621, 21.8000369650613, -10.5015288597682, 22.3764702899735, -10.3005768175345, 23.0477367166328, -10.5936974270499, 23.4376655220937, -10.9887427757493, 23.6518037174457, -11.2056908361848
Poles: 21.498836517334, -10.2489746695302, 21.5893407508789, -10.3248617526621, 21.8000369650613, -10.5015288597682, 22.3764702899735, -10.3005768175345, 23.0477367166328, -10.5936974270499, 23.4376655220937, -10.9887427757493, 23.6518037174457, -11.2056908361848
Knots: 0, 0, 0, 0, 0.346339021247481, 0.806286266865793, 1.55223059398497, 2.46089785410367, 2.46089785410367, 2.46089785410367, 2.46089785410367
Weights: 0, 0, 0, 0, 0, 0, 0
Parent Sketch Name: Sketch<2>
Type: AD_BSPLINE
