X1: 21.7982444763184
Y1: 4.51368808746338
X2: 20.8949012756348
Y2: 5.73389172554016
Parent Sketch Name: Sketch<21>
Type: AD_LINE
