X1: 21.7982444763184
Y1: 6.95409536361694
X2: 21.7982444763184
Y2: 4.51368808746338
Parent Sketch Name: Sketch<21>
Type: AD_LINE
