ControlPoints: -1.3372205442126, 7.89832850350292, -1.45946638980677, 9.88064646149305, -1.8880012387898, 13.5972086786743, -3.37194662678723, 16.9965594381539, -4.1059724610316, 18.60224422346
Poles: -1.3372205442126, 7.89832850350292, -1.45946638980677, 9.88064646149305, -1.8880012387898, 13.5972086786743, -3.37194662678723, 16.9965594381539, -4.1059724610316, 18.60224422346
Knots: 3.19258161123083, 3.19258161123083, 3.19258161123083, 3.19258161123083, 9.03969597626178, 14.3285906191808, 14.3285906191808, 14.3285906191808, 14.3285906191808
Weights: 0, 0, 0, 0, 0
Parent Sketch Name: Sketch<4>
Type: AD_BSPLINE
