ControlPoints: 6.17154754684825, -5.10723341125161, 7.82716073301516, -6.20425972942994, 10.8315287636853, -8.43366248903493, 13.0334789893614, -11.4184711346754, 14.0570297797976, -12.8569986299247
Poles: 6.17154754684825, -5.10723341125161, 7.82716073301516, -6.20425972942994, 10.8315287636853, -8.43366248903493, 13.0334789893614, -11.4184711346754, 14.0570297797976, -12.8569986299247
Knots: 3.19258650691923, 3.19258650691923, 3.19258650691923, 3.19258650691923, 9.03969597626178, 14.3285906361439, 14.3285906361439, 14.3285906361439, 14.3285906361439
Weights: 0, 0, 0, 0, 0
Parent Sketch Name: Sketch<4>
Type: AD_BSPLINE
