X1: 14.679368019104
Y1: -19.7583923339844
X2: 6.99373632248045
Y2: -19.7583923339844
Parent Sketch Name: Sketch<6>
Type: AD_LINE
