X1: 21.498836517334
Y1: -10.2489746695302
X2: 21.498836517334
Y2: -1.25936519196542
Parent Sketch Name: Sketch<2>
Type: AD_LINE
