ControlPoints: 7.65880906973654, -6.82315015792847, 7.63763350496848, -8.09353883815116, 7.59516071646247, -10.6416149025448, 6.29846317247629, -13.9801049818921, 4.51671582280694, -17.0578798533466, 3.27921318943327, -18.8291235939292, 2.69423079449131, -19.6664118367568
Poles: 7.65880906973654, -6.82315015792847, 7.63763350496848, -8.09353883815116, 7.59516071646247, -10.6416149025448, 6.29846317247629, -13.9801049818921, 4.51671582280694, -17.0578798533466, 3.27921318943327, -18.8291235939292, 2.69423079449131, -19.6664118367568
Knots: 0, 0, 0, 0, 3.74804702973853, 7.51762753665602, 10.9248086941413, 13.9793361648866, 13.9793361648866, 13.9793361648866, 13.9793361648866
Weights: 0, 0, 0, 0, 0, 0, 0
Parent Sketch Name: Sketch<6>
Type: AD_BSPLINE
