X1: 1.19899427890778
Y1: -19.5345446330577
X2: 1.19899427890778
Y2: -19.6664118367568
Parent Sketch Name: Sketch<6>
Type: AD_LINE
