ControlPoints: 9.09025729286125, 7.16319633958084, 9.03778514243464, 8.60455080312152, 8.93740153297687, 11.3619823621858, 7.88579685891084, 15.2095788613341, 6.65732489553319, 17.3971256953647, 6.07378442565431, 18.4362394443692
Poles: 9.09025729286125, 7.16319633958084, 9.03778514243464, 8.60455080312152, 8.93740153297687, 11.3619823621858, 7.88579685891084, 15.2095788613341, 6.65732489553319, 17.3971256953647, 6.07378442565431, 18.4362394443692
Knots: 0, 0, 0, 0, 4.31643402033212, 8.25769905415525, 11.8237951014694, 11.8237951014694, 11.8237951014694, 11.8237951014694
Weights: 0, 0, 0, 0, 0, 0
Parent Sketch Name: Sketch<13>
Type: AD_BSPLINE
