ControlPoints: 6.17154419967665, 5.10723119337334, 7.82715860687175, 6.20425815170973, 10.8315279845447, 8.4336614328789, 13.0334789893637, 11.4184711346731, 14.0570297797993, 12.8569986299228
Poles: 6.17154419967665, 5.10723119337334, 7.82715860687175, 6.20425815170973, 10.8315279845447, 8.4336614328789, 13.0334789893637, 11.4184711346731, 14.0570297797993, 12.8569986299228
Knots: 3.192582566525, 3.192582566525, 3.192582566525, 3.192582566525, 9.03969597626178, 14.3285906361439, 14.3285906361439, 14.3285906361439, 14.3285906361439
Weights: 0, 0, 0, 0, 0
Parent Sketch Name: Sketch<4>
Type: AD_BSPLINE
