X1: 5.8658787349666
Y1: 9.54466088774984E-16
X2: 2.9329393674833
Y2: 5.08
Parent Sketch Name: Sketch<3>
Type: AD_LINE
