X1: 14.6793680191039
Y1: -6.82315015792847
X2: 14.679368019104
Y2: -19.7583923339844
Parent Sketch Name: Sketch<6>
Type: AD_LINE
