X1: 9.82705604405053
Y1: -6.82315015792847
X2: 14.6793680191039
Y2: -6.82315015792847
Parent Sketch Name: Sketch<6>
Type: AD_LINE
