X1: 4.37177871352226
Y1: 5.83558404483659
X2: 4.37139283818068
Y2: 8.79125976574358
Parent Sketch Name: Sketch<14>
Type: AD_LINE
