X1: -4.4211556019092
Y1: 5.80374234267343
X2: -4.4211556019092
Y2: 8.79125976574359
Parent Sketch Name: Sketch<14>
Type: AD_LINE
