ControlPoints: 7.50877791064909, -2.79110841697232, 9.28663382046904, -3.67639563004296, 12.7195341908295, -5.16354964832092, 16.4054255275399, -5.57808878031175, 18.1630023198345, -5.74524557609918
Poles: 7.50877791064909, -2.79110841697232, 9.28663382046904, -3.67639563004296, 12.7195341908295, -5.16354964832092, 16.4054255275399, -5.57808878031175, 18.1630023198345, -5.74524557609918
Knots: 3.19259857140677, 3.19259857140677, 3.19259857140677, 3.19259857140677, 9.03969597626178, 14.3285906361439, 14.3285906361439, 14.3285906361439, 14.3285906361439
Weights: 0, 0, 0, 0, 0
Parent Sketch Name: Sketch<4>
Type: AD_BSPLINE
