ControlPoints: 7.50877787240931, 2.79110834995, 9.28663380845566, 3.67639558740443, 12.719534188195, 5.16354963379261, 16.4054255402969, 5.57808878438058, 18.1630023169863, 5.74524558510333
Poles: 7.50877787240931, 2.79110834995, 9.28663380845566, 3.67639558740443, 12.719534188195, 5.16354963379261, 16.4054255402969, 5.57808878438058, 18.1630023169863, 5.74524558510333
Knots: 3.19259847272612, 3.19259847272612, 3.19259847272612, 3.19259847272612, 9.03969597626178, 14.3285905912175, 14.3285905912175, 14.3285905912175, 14.3285905912175
Weights: 0, 0, 0, 0, 0
Parent Sketch Name: Sketch<4>
Type: AD_BSPLINE
