X1: 3.23605201251685
Y1: 7.46169185638428
X2: 3.23605201251685
Y2: 10.0788345336914
Parent Sketch Name: Sketch<16>
Type: AD_LINE
