ControlPoints: 1.75822662937382, 8.82172107696533, 1.4882117696003, 9.10576029095363, 1.00155073022736, 9.61769811251711, 0.314948559537794, 9.7010454332255, 3.5577882660861E-07, 9.71822544832214
Poles: 1.75822662937382, 8.82172107696533, 1.4882117696003, 9.10576029095363, 1.00155073022736, 9.61769811251711, 0.314948559537794, 9.7010454332255, 3.5577882660861E-07, 9.71822544832214
Knots: 0, 0, 0, 0, 1.13415826293929, 2.04414912393497, 2.04414912393497, 2.04414912393497, 2.04414912393497
Weights: 0, 0, 0, 0, 0
Parent Sketch Name: Sketch<15>
Type: AD_BSPLINE
