ControlPoints: -7.50877707658309, -2.79110788171525, -9.2866332608694, -3.67639526343502, -12.7195339069867, -5.16354949017992, -16.4054255603773, -5.57808864669859, -18.1630023631131, -5.74524543927834
Poles: -7.50877707658309, -2.79110788171525, -9.2866332608694, -3.67639526343502, -12.7195339069867, -5.16354949017992, -16.4054255603773, -5.57808864669859, -18.1630023631131, -5.74524543927834
Knots: 3.19259764951088, 3.19259764951088, 3.19259764951088, 3.19259764951088, 9.03969597626178, 14.32859066623, 14.32859066623, 14.32859066623, 14.32859066623
Weights: 0, 0, 0, 0, 0
Parent Sketch Name: Sketch<4>
Type: AD_BSPLINE
