X1: 7.65880906973654
Y1: -6.82315015792847
X2: 1.19899427890777
Y2: -6.82315015792847
Parent Sketch Name: Sketch<6>
Type: AD_LINE
