ControlPoints: 4.37177871352226, 5.83558404483659, 3.69749573816351, 6.27031318006497, 2.36308372650953, 7.11905826809847, 0.78361227233094, 7.16555860409551, 3.45667068416823E-08, 7.17533079741679
Poles: 4.37177871352226, 5.83558404483659, 3.69749573816351, 6.27031318006497, 2.36308372650953, 7.11905826809847, 0.78361227233094, 7.16555860409551, 3.45667068416823E-08, 7.17533079741679
Knots: 0.0575600940447779, 0.0575600940447779, 0.0575600940447779, 0.0575600940447779, 2.41556617034659, 4.7137333997571, 4.7137333997571, 4.7137333997571, 4.7137333997571
Weights: 0, 0, 0, 0, 0
Parent Sketch Name: Sketch<14>
Type: AD_BSPLINE
