ControlPoints: 3.23605201251685, 7.46169185638428, 2.71285123112307, 7.87349292815464, 1.75056100054893, 8.63089269206352, 0.552832790855639, 8.78020424826886, 4.64952880728397E-07, 8.83202832382286
Poles: 3.23605201251685, 7.46169185638428, 2.71285123112307, 7.87349292815464, 1.75056100054893, 8.63089269206352, 0.552832790855639, 8.78020424826886, 4.64952880728397E-07, 8.83202832382286
Knots: 0, 0, 0, 0, 1.94686267540935, 3.58074184794814, 3.58074184794814, 3.58074184794814, 3.58074184794814
Weights: 0, 0, 0, 0, 0
Parent Sketch Name: Sketch<16>
Type: AD_BSPLINE
