X1: -1.96951746940613
Y1: 11.7164268493652
X2: -1.75822591781616
Y2: 8.82172107696533
Parent Sketch Name: Sketch<15>
Type: AD_LINE
