X1: 2.9329393674833
Y1: -5.08
X2: 5.8658787349666
Y2: 9.54466088774984E-16
Parent Sketch Name: Sketch<3>
Type: AD_LINE
