ControlPoints: 1.33722060894028, 7.8983284971961, 1.45946645648926, 9.88064644672501, 1.88800131049781, 13.5972086605546, 3.37194670194404, 16.9965594162194, 4.10597254003772, 18.6022442060214
Poles: 1.33722060894028, 7.8983284971961, 1.45946645648926, 9.88064644672501, 1.88800131049781, 13.5972086605546, 3.37194670194404, 16.9965594162194, 4.10597254003772, 18.6022442060214
Knots: 3.19258163514941, 3.19258163514941, 3.19258163514941, 3.19258163514941, 9.03969597626178, 14.3285906361439, 14.3285906361439, 14.3285906361439, 14.3285906361439
Weights: 0, 0, 0, 0, 0
Parent Sketch Name: Sketch<4>
Type: AD_BSPLINE
