ControlPoints: -4.4211556019092, 5.80374234267343, -3.73045049615203, 6.24920603132809, -2.38260924619645, 7.11848342615481, -0.783612203197526, 7.16555860409551, 3.45667072577234E-08, 7.17533079741679
Poles: -4.4211556019092, 5.80374234267343, -3.73045049615203, 6.24920603132809, -2.38260924619645, 7.11848342615481, -0.783612203197526, 7.16555860409551, 3.45667072577234E-08, 7.17533079741679
Knots: 0, 0, 0, 0, 2.41556617034659, 4.7137333997571, 4.7137333997571, 4.7137333997571, 4.7137333997571
Weights: 0, 0, 0, 0, 0
Parent Sketch Name: Sketch<14>
Type: AD_BSPLINE
