X1: -4.4211556019092
Y1: 8.79125976574359
X2: 4.32162825780158
Y2: 8.79125976574359
Parent Sketch Name: Sketch<14>
Type: AD_LINE
