ControlPoints: -7.50877426192786, 2.79110547050542, -9.28663136100555, 3.67639365417898, -12.7195328211943, 5.16354898107796, -16.4054255431128, 5.5780886165753, -18.1630023198353, 5.74524557609671
Poles: -7.50877426192786, 2.79110547050542, -9.28663136100555, 3.67639365417898, -12.7195328211943, 5.16354898107796, -16.4054255431128, 5.5780886165753, -18.1630023198353, 5.74524557609671
Knots: 3.19259426967444, 3.19259426967444, 3.19259426967444, 3.19259426967444, 9.03969597626178, 14.3285906361439, 14.3285906361439, 14.3285906361439, 14.3285906361439
Weights: 0, 0, 0, 0, 0
Parent Sketch Name: Sketch<4>
Type: AD_BSPLINE
