ControlPoints: -6.17154419967389, -5.10723119337966, -7.82715860686868, -6.20425815171502, -10.8315279845417, -8.4336614328827, -13.0334789893614, -11.4184711346755, -14.0570297797975, -12.8569986299247
Poles: -6.17154419967389, -5.10723119337966, -7.82715860686868, -6.20425815171502, -10.8315279845417, -8.4336614328827, -13.0334789893614, -11.4184711346755, -14.0570297797975, -12.8569986299247
Knots: 3.19258256652735, 3.19258256652735, 3.19258256652735, 3.19258256652735, 9.03969597626178, 14.3285906361439, 14.3285906361439, 14.3285906361439, 14.3285906361439
Weights: 0, 0, 0, 0, 0
Parent Sketch Name: Sketch<4>
Type: AD_BSPLINE
