ControlPoints: -6.17154509931492, 5.10723215142428, -7.82715911222342, 6.20425886430901, -10.8315280796479, 8.43366192196062, -13.033478875815, 11.4184712367343, -14.0570296960464, 12.8569987214929
Poles: -6.17154509931492, 5.10723215142428, -7.82715911222342, 6.20425886430901, -10.8315280796479, 8.43366192196062, -13.033478875815, 11.4184712367343, -14.0570296960464, 12.8569987214929
Knots: 3.19258390040595, 3.19258390040595, 3.19258390040595, 3.19258390040595, 9.03969597626178, 14.3285906621616, 14.3285906621616, 14.3285906621616, 14.3285906621616
Weights: 0, 0, 0, 0, 0
Parent Sketch Name: Sketch<4>
Type: AD_BSPLINE
