X1: 1.75822662937382
Y1: 11.7164268493652
X2: -1.96951746940613
Y2: 11.7164268493652
Parent Sketch Name: Sketch<15>
Type: AD_LINE
