ControlPoints: 9.82705604405053, -6.82315015792847, 9.89592581376542, -9.05725223439717, 10.0358872570853, -13.5975338767035, 8.01846225143687, -17.6831529584515, 6.99373632248045, -19.7583923339844
Poles: 9.82705604405053, -6.82315015792847, 9.89592581376542, -9.05725223439717, 10.0358872570853, -13.5975338767035, 8.01846225143687, -17.6831529584515, 6.99373632248045, -19.7583923339844
Knots: 0, 0, 0, 0, 6.60525713346577, 13.4236156985227, 13.4236156985227, 13.4236156985227, 13.4236156985227
Weights: 0, 0, 0, 0, 0
Parent Sketch Name: Sketch<6>
Type: AD_BSPLINE
