X1: 21.0693798065186
Y1: 0
X2: 21.498836517334
Y2: 1.25936519196542
Parent Sketch Name: Sketch<2>
Type: AD_LINE
