X1: -0.792893218813452
Y1: 0.707106781186547
X2: -1.5
Y2: 1
Parent Sketch Name: test2
Parent Sketch Plane: YZ-Plane
Type: AD_LINE
ID: 16
