ControlPoints: 7.808, 1.221, 11.4999660261865, 0.965934874484668, 19.0035691665883, 0.447536963114731, -2.17049177704752, -10.1646574113278, -3.23009729648619, 6.20429828902895, 2.17044583831489, 1.96676594628628, 4.677, -1.62973667611358E-15
Poles: 7.808, 1.221, 11.4999660261865, 0.965934874484668, 19.0035691665883, 0.447536963114731, -2.17049177704752, -10.1646574113278, -3.23009729648619, 6.20429828902895, 2.17044583831489, 1.96676594628628, 4.677, -1.62973667611358E-15
Knots: 0, 0, 0, 0, 0.251858298940353, 0.511880312402866, 0.773449002478507, 1, 1, 1, 1
Weights: 0, 0, 0, 0, 0, 0, 0
Parent Sketch Name: sk1
Parent Sketch Plane: XY-Plane
Type: AD_BSPLINE
ID: 1
