X1: -1.5
Y1: 1
X2: -2.20710678118655
Y2: 0.707106781186548
Parent Sketch Name: test2
Parent Sketch Plane: YZ-Plane
Type: AD_LINE
ID: 17
