ControlPoints: 7.808, 1.221, 9.23340678149799, 0.722778825394047, 12.0475281216672, -0.260838523549207, 1.47605446142238, -2.53392711766249, -1.43918407857503, 0.823033909639998, 2.7249635035406, 0.26267885478935, 4.677, -6.22119083860282E-17
Poles: 7.808, 1.221, 9.23340678149799, 0.722778825394047, 12.0475281216672, -0.260838523549207, 1.47605446142238, -2.53392711766249, -1.43918407857503, 0.823033909639998, 2.7249635035406, 0.26267885478935, 4.677, -6.22119083860282E-17
Knots: 0, 0, 0, 0, 0.250609759862992, 0.494768428521135, 0.76316150010485, 1, 1, 1, 1
Weights: 0, 0, 0, 0, 0, 0, 0
Parent Sketch Name: sk1
Parent Sketch Plane: XY-Plane
Type: AD_BSPLINE
ID: 1
