X1: -0.792893218813453
Y1: -0.707106781186548
X2: -0.5
Y2: 0
Parent Sketch Name: test2
Parent Sketch Plane: YZ-Plane
Type: AD_LINE
ID: 14
