Type: AD_BSPLINE
StartPoint_X: -5.8
StartPoint_Y: 18.3
StartPoint: -5.8,18.3
EndPoint_X: -15.2
EndPoint_Y: 2.1
EndPoint: -15.2,2.1
ControlPoints: -5.78480863571167, 18.3433990478516, -6.84258000665865, 17.5266173708242, -8.93841355127525, 15.9082729115584, -5.17047121977208, 13.2231288045291, -8.26669947626041, 10.0735777003547, -5.43880053139099, 8.63480803233922, -2.27716864975206, 2.74608730169662, -7.02885955070468, 2.32169880454358, -10.129560474819, 0.688388907528159, -13.4391904307623, 1.63986881653406, -15.1540069580078, 2.13285851478577
Knots: 0, 0, 0, 0, 0.118081234552883, 0.233962290115789, 0.345101564022779, 0.468292111347725, 0.594397537971816, 0.727000379659137, 0.858550875135883, 1, 1, 1, 1
Weights: 0, 0, 0, 0, 0, 0, 0, 0, 0, 0, 0
Parent_Sketch_Name: Sketch<3>
Part_Name: elliptical_shapes_001
