Type: AD_BSPLINE
StartPoint_X: -14.6
StartPoint_Y: 24.7
StartPoint: -14.6,24.7
EndPoint_X: -15.2
EndPoint_Y: 2.1
EndPoint: -15.2,2.1
ControlPoints: -14.6003246307373, 24.6909561157227, -11.6457561778906, 25.7833871739914, -5.7056163316385, 27.9797124113551, 6.79582337831086, 23.2080827407497, 15.3491715060504, 18.9984190575208, 22.4533949057326, 8.52695849776405, 34.7882241484214, -1.66663820294276, 22.5651382246098, -8.57872357854166, 17.5085471650821, -12.2466047640859, 2.69143771093887, -18.2119263862468, -7.03640900595116, -20.7556970525898, -17.8774576056507, -16.5875225992228, -23.9739191242881, -4.3806627553451, -21.2395476736519, 6.13504630798019, -17.0598705152315, 3.38625968661694, -15.1540069580078, 2.13285851478577
Knots: 0, 0, 0, 0, 0.0763052823894153, 0.153411252991672, 0.23564676514225, 0.317681250840518, 0.399657281601698, 0.474327092811466, 0.552084120376923, 0.630822139579468, 0.713578841128571, 0.794820172170559, 0.871908825964158, 0.941592546183839, 1, 1, 1, 1
Weights: 0, 0, 0, 0, 0, 0, 0, 0, 0, 0, 0, 0, 0, 0, 0, 0
Parent_Sketch_Name: Sketch<3>
Part_Name: elliptical_shapes_001
