Type: AD_BSPLINE
StartPoint_X: -4.8
StartPoint_Y: 21.9
StartPoint: -4.8,21.9
EndPoint_X: 11.3
EndPoint_Y: 27.6
EndPoint: 11.3,27.6
ControlPoints: -4.7959098815918, 21.8896942138672, -7.86240594335681, 21.3912872092449, -13.7586389416752, 20.4329543863566, -21.7022893606321, 24.4053630152593, -14.6118400082567, 30.8627750156096, -3.47614204134408, 29.9789954226254, 3.80272499882909, 30.1565344770889, 11.220728604659, 21.956927155958, 11.2779002253837, 25.7867753854557, 11.3042945861816, 27.5548973083496
Knots: 0, 0, 0, 0, 0.152889170377613, 0.29397401898085, 0.439700619657436, 0.595151262480661, 0.754514504207719, 0.886666974550126, 1, 1, 1, 1
Weights: 0, 0, 0, 0, 0, 0, 0, 0, 0, 0
Parent_Sketch_Name: Sketch<3>
Part_Name: elliptical_shapes_001
