Type: AD_BSPLINE
StartPoint_X: -0.9765
StartPoint_Y: 21.3858
StartPoint: -0.9765,21.3858
EndPoint_X: 0
EndPoint_Y: 31.1602
EndPoint: 0,31.1602
ControlPoints: -0.976527677445702, 21.3857650449827, -2.42841662187109, 21.17780928344, -5.27268782211978, 20.7704209733681, -7.10954922562146, 16.8204151435742, -6.29345337609506, 13.8760796487697, -4.34145513371986, 9.68634133306744, -4.24132356001956, 7.61101836798872, -7.00763050799929, 6.48692229821801, -14.6677504625975, 6.8333506027714, -5.44297205389499, 22.1329047552389, 5.00306148905644E-15, 31.1602268218994
Knots: 0, 0, 0, 0, 0.113753418362586, 0.222844572941212, 0.33379513528856, 0.43267080416284, 0.523709749542647, 0.610762267679805, 0.770334851909113, 1, 1, 1, 1
Weights: 0, 0, 0, 0, 0, 0, 0, 0, 0, 0, 0
Parent_Sketch_Name: Sketch<3>
Part_Name: elliptical_shapes_001
